( 60 58.2222 1.77778 ) [ 0.57735 0.57735 0.57735 ] 1024 0  0
( -58.6667 60 0 ) [ 0.57735 0.57735 0.57735 ] 1024 0  0
( -58.6667 -52.8889 -0.888889 ) [ 0.57735 0.57735 0.57735 ] 1024 0  0
( 60 -60 -0.888889 ) [ 0.57735 0.57735 0.57735 ] 1024 0  0
( 28.4444 -28.4444 0 ) [ 0.57735 0.57735 0.57735 ] 1024 0  0
( -28.4444 -28.4444 0 ) [ 0.57735 0.57735 0.57735 ] 1024 0  0
( 28.4444 28.4444 0 ) [ 0.57735 0.57735 0.57735 ] 1024 0  0
( -28.4444 28.4444 0 ) [ 0.57735 0.57735 0.57735 ] 1024 0  0
( -2.88889 3.77778 1.77778 ) [ 0.57735 0.57735 0.57735 ] 10 30  0
( -4.88889 0 -0.888889 ) [ 0.57735 0.57735 0.57735 ] 1024 0  0
( 0 0 0 ) [ 0.57735 0.57735 0.57735 ] 1024 0  0
( 0 0 30 ) [ 0.57735 0.57735 0.57735 ] 4096 0  0
