SymLen 0
 3  6  5  4  3  6  5  5  5  5  5  5  5  6  6  5
 6  7  8  9 11  5  6 13  5  6 15 15 15 15 15 15
15 15 16 16 16 16 16 16 16 16 16 16 16 16 16 16
16 16 16 16 16 16 16 16 16 16 16 16 16 16 16 16
16 16 13 13 13 13 13 13 13 13 13 13 13 13 13 13
13 13 13 13 13 13 13 13 13 13 13 13 13 13 13 13
13 13 13 13 13 13 13 13 13 13 13 13 13 13 13 13
13 13 13 13 13 13 13 13 13 13 13 13 13 13 13 13
13 13 13 13 13 13 13 13 13 13 13 13 13 13 13 13
13 13 13 13 13 13 13 13 13 13 13 13 13 13 13 13
13 13 13 13 13 13 13 13 13 13 13 13 13 13 13 13
13 13 13 13 13 13 13 13 13 13 13 13 13 13 13 13
13 13  8  8  8  8  8  8  8  8  8  8  8  8  8  8
 8  8  8  8  8  8  8  8  8  8  8  8  8  8  8  8
 8  8 15 15 15 15 15 15 15 15 15 15 15 15 15 15
15 15  6  6  7  7  7  7  7  7 16 16 16 16 15 16

SymLen 1
 4  4  5  3  5  6  4  5  7  8  7  7  9 12 11 13
15 16  4 12 15 15 12 12 14 14 14 14 14 14 14 14
14  5  5  6  7  8  8  8 10 12  6 15 15 16  5 11
15 14 11 14 14 14 14 14 14 14 14 14 16 16 16 16
16  6  6  9  7  7  9 12 12 14  3 16 14  9 14 16
16 16 16 15 15 15 15 15 15 15 15 16 16 16 16 16
16  8  8 10  8 10 12 14 14 10 16  9 15 14 12 16
16 16 16 16 16 16 16 16 16 16 16 16 16 16 16 16
16  6  6 11  8 11 10 16 11 10 11 15  9 15 14 16
16 16 16 16 16 16 16 16 16 16 16 16 16 16 16 16
16  8  8 12 10 10  7 15 11 12  8  9 13 16 16 16
16 16 16 16 16 15 15 15 15 15 15 15 15 15 15 15
15 10 10  9 11 11 16 16 13  7  8 10 16 15 15 15
15 15 15 15 15 15 15 15 15 15 15 15 15 15 15 15
15 14 14 15 15 14 14  9  9  8  9  5  8 10 11 13
12 11 15 15 16 11 11 12  9  9 14 14 12 12 10 11

SymLen 2
 2  3  3  4  4  4  4  5  5  4  5  5  6  6  7  7
 8  8 10 11 14 15 16 16 16 16 16 16 14 14 14 14
15 15 14 14 15 15 15 15 15 15 15 15 15 15 15 15
15 15 15 15 15 15 15 15 15 15 15 15 15 15 15 15
15 15 15 15 15 15 15 15 15 15 15 15 15 15 15 15
15 15 15 15 15 15 15 15 15 15 15 15 15 15 15 15
15 15 15 15 15 15 15 15 15 15 15 15 15 15 15 15
15 15 15 15 15 15 15 15 15 15 15 15 15 15 15 15
15 15 15 15 15 15 15 15 15 15 15 15 15 15 15 15
15 15 15 15 15 15 15 15 15 15 15 15 15 15 15 15
15 15 15 15 16 16 16 16 16 16 16 16 16 16 16 16
16 16 16 16 16 16 16 16 16 16 16 16 16 16 16 16
16 16 16 16 16 16 16 16 16 16 16 16 16 16 16 16
16 16 16 16 16 16 16 16 16 16 16 16 16 16 16 16
16 16 16 16 15 15 15 15 15 15 15 15 15 15 15 15
15 15 15 15 15 15 15 15 15 15 15 15 15 15 15 16

SymLen 3
 5  4  4  6  5  6  6  8  8 10  7 12 13 11  9 10
12 15 16 16 15  5  5  7  7 16 16 16 16 16 16 16
16  5  5  7  7  8  9  7  8  8 12 14 12 13 16 16
15 16 16 16 16 16 16 16 16 16 16 16 16 16 16 16
16  6  6  8  5 10 11  9 11 12 12 14 14  6 15 16
16 16 16 16 16 16 16 16 16 16 16 16 16 16 16 16
16  4  7  9  7  9 12 15 13 11 15 15 16 16 16 16
16 16 16 16 16 16 16 16 16 16 16 16 16 16 16 16
16  5  5 10 10  9 11 14  6 16 15 16 16 16 16 16
16 16 16 16 16 16 16 16 16 16 16 16 16 14 14 14
14  8  8 11  6 14 11 11 14  5 15 16 14 14 14 14
14 14 14 14 14 14 14 14  9  9  9  9  9  9  9  9
 9  6  6  7 12 15 10 13 12  6 16  9  9  9  9  9
 9  9 10 10 10 10 10 10 10 10 10 10 10 10 10 10
10 10  6  6  7  7  6  8  7  8  7  9  9 10 10  9
 8  8  9 10 12 13 12 12 15  6  6  6 16 16 13 14
