SymLen 0
 1  4  5  5  5  4  4  5  5  5  5  5  6  7  8  9
 6 12 16 16 16 16 16 16 16 16 16 16 16 16 16 16
16 16 16 16 16 16 16 16 16 16 16 16 16 16 16 16
16 16 16 16 16 16 16 16 16 16 16 16 16 16 16 16
16 16 16 16 16 16 16 16 16 16 16 16 16 16 16 16
16 16 16 16 16 16 16 16 16 16 16 16 16 16 16 16
16 16 16 16 16 16 16 16 16 16 13 13 13 13 13 13
13 13 13 13 13 13 13 13 13 13 13 13 13 13 13 13
13 13 13 13 13 13 13 13 13 13 13 13 13 13 13 13
13 13 13 13 13 13 13 13 13 13 13 13 13 13 13 13
13 13 13 13 13 13 13 13 13 13 13 13 13 13 13 13
13 13 13 13 13 13 13 13 13 13 13 13 13 13 13 13
13 13 13 13 13 13 13 13 13 13 13 13 13 13 13 13
13 13 13 13 13 13 13 13 13 13 13 13 13 13 13 13
13 13 13 13 13 13 13 13 13 13 16 16 16 16 16 16
16 16 16 16 16 16 16 16 16 16 16 16 16 16 15 16

SymLen 1
 4  4  4  4  4  4  4  4  5  6  7  7  9  7 13 11
12 15 15 15 15 14 14 14 14 16 16 16 16 16 16 16
16  5  5  6  5  7  7  7  6 10  8  8  9 12 13 13
15 15 15 15 15 15 15 15 15 15 15 15 15 15 15 15
15  6  6  8  6  8  6  8  8  9 11 12 13 16 15 15
15 15 15 15 15 15 15 15 15 15 15 15 15 15 15 15
15  6  6  9  9 10 12  9 10 12 13 15 15 15 15 15
15 15 15 15 15 15 15 15 15 15 15 15 15 15 15 15
15  5  7 10  6 12 13  9 12 13 15 16 15 15 15 15
15 15 15 16 16 16 16 16 16 16 16 16 16 16 16 16
16  8  8  7 11 13 10 12 14 16 16 16 16 16 16 16
16 16 16 16 16 16 16 16 16 16 16 16 16 16 16 16
16  8  6 12  9 14 12 14 15 16 16 16 16 16 16 16
16 16 16 16 16 16 16 16 16 16 16 16 16 16 16 16
16 16 16 16 16 16 16  7  7  8  8  9  6 10 10 11
11 13 13 14 12 14 14 13 16 16 16 16 14 14 14 15

SymLen 2
 1  3  3  5  4  5  5  6  5  6  7  8  7 13 13 15
16 16 14 14 14 14 15 15 15 15 15 15 15 15 15 15
15 15 15 15 15 15 15 15 15 15 15 15 15 15 15 15
15 15 15 15 15 15 15 15 15 15 15 15 15 15 15 15
15 15 15 15 15 15 15 15 15 15 15 15 15 15 15 15
15 15 15 15 15 15 15 15 15 15 15 15 15 15 15 15
15 15 15 15 15 15 14 14 14 14 14 14 14 14 14 14
14 14 14 14 14 14 14 14 14 14 14 14 14 14 14 14
14 14 14 14 14 14 14 14 14 14 14 14 14 14 14 14
14 14 14 14 14 14 14 14 14 14 14 14 14 14 14 14
14 14 14 14 14 14 14 14 14 14 14 14 14 14 14 14
14 14 14 14 14 14 14 14 14 14 14 14 14 14 14 14
14 14 14 14 14 14 14 14 14 14 14 14 14 14 14 14
14 14 14 14 14 14 14 14 14 14 14 14 14 14 14 14
14 14 14 14 14 14 15 15 15 15 15 15 15 15 15 15
15 15 15 15 15 15 15 15 15 15 14 14 14 14 15 16

SymLen 3
 4  4  3  4  5  6  6  6  8  6  9  7  9 12 16 15
15 15 15 15 15 15 15 16 16 16 16 16 16 16 16 13
13  4  4  7  5  8  5  9 11 12 13 11 11 13 13 13
13 13 13 13 13 13 13 13 13 13 13 13 13 13 13 13
13  3  6  7  8 10 11 12  9 12 13 13 13 13 13 13
13 13 13 13 13 13 13 13 13 13 13 13 13 13 13 13
13  7  7 10  6  8  7 10 11 12 13 13 13 13 13 13
13 13 13 13 13 13 13 13 13 13 13 13 13 13 16 16
16  8  6 11  7 12 10 12 13 16 16 16 16 16 16 16
16 16 16 16 16 16 16 16 16 16 16 16 16 16 16 16
16  8  8  6  8  9  7 13 13 16 16 16 16 16 16 16
16 16 16 16 16 16 16 16 16 16 16 16 16 16 16 16
16  9  7  7 11 10 11 16 16 16 16 16 16 16 16 16
16 16 16 16 16 16 16 16 16 16 16 16 16 16 16 16
16 16 16 16 16 16 16  8  8  7  9  6  6  9 11  6
 7 13 10 10 13 16 16 16 16 16 16 16 16 16 16 16



SymLen 0
 3  6  6  6  5  5  5  5  2  5  5  3  6  4  4  5
 6  7  8 10  6  9 10 15 16 16 15 15 15 15 10 10
10 10 12 12 12 12 15 15 15 15 15 15 15 15 15 15
15 15 15 15 15 15 12 12 12 12 12 12 12 12 12 12
12 12 12 12 12 12 12 12 12 12 12 12 12 12 12 12
12 12 12 12 12 12 16 16 16 16 16 16 16 16 16 16
16 16 16 16 16 16 16 16 16 16 16 16 16 16 16 16
16 16 16 16 16 16 16 16 16 16 16 16 16 16 16 16
16 16 16 16 16 16 16 16 16 16 16 16 16 16 16 16
16 16 16 16 16 16 11 11 11 11 11 11 11 11 11 11
11 11 11 11 11 11 11 11 11 11 11 11 11 11 11 11
11 11 11 11 11 11 11 11 11 11 11 11 11 11 11 11
11 11 11 11 11 11 11 11 11 11 11 11 11 11 11 11
11 11 11 11 11 11 15 15 15 15 15 15 15 15 15 15
15 15 15 15 15 15 15 15 15 15 15 15 15 15 15 15
15 15 15 15 15 15 15 15 15 15 15 15 15 15 15 16

SymLen 1
 5  5  5  4  4  4  4  5  5  7  6  8  6 10  7 12
11 14 16 16 11  8  8  8  8  8  8  8  8 15 15 15
15  5  5  6  6  7  6  7  8  4 10 14  9 12 15  8
16 15 15 15 15 16 16 16 16 16 16 16 16 16 16 16
16  6  6  7  7  8  8 11 12  9 13  5 15 16  8 16
16 16 16 16 16 16 16 16 16 16 16 16 16 16 16 16
16  7  7  9  8  9 10 11 11 10  6 15 16 16 16 16
16 16 16 16 16 16 16 16 16 16 16 16 16 16 16 16
16  6  7 10  9 11 13  8 13 16  7 16 16 16 16 16
16 16 16 16 16 16 16 16 16 16 16 15 15 15 15 15
15  8  8 11 10  5 11 10 14 16 15 15 15 15 15 15
15 15 15 15 15 15 15 15 15 15 15 15 15 15 15 15
15  7  7 11  8 10 12 13 15 16 11 15 15 15 15 15
15 15 15 15 15 15 15 15 15 15 15 15 15 15 15 15
15 15 15 15 15 15 15  8  6  7  8  8  8  9  7 11
 6  9 10  9 14 13 16 14 16 15 15 15 15 15 15 16

SymLen 2
 3  5  5  6  5  4  5  5  4  4  4  6  5  6  7  8
 9  4  5 12 13 14 15 15 15 15 15 15 15 15 15 15
16 16 16 16 16 16 16 16 16 16 16 16 16 16 16 16
 8  8  8  8  8  8  8  8  8  8  8  8  8  8  8  8
 8  8  8  8  8  8  8  8  8  8  8  8  8  8  8  8
 8  8  8  8  8  8  8  8  8  8  8  8  8  8  8  8
 8  8  8  8  8  8  8  8  8  8  8  8  8  8  8  8
12 12 12 12 12 12 12 12 12 12 12 12 12 12 12 12
12 12 12 12 12 12 12 12 12 12 12 12 12 12 12 12
12 12 12 12 12 12 12 12 12 12 12 12 12 12 12 12
12 12 12 12 12 12 12 12 12 12 12 12 12 12 12 12
12 12 12 12 12 12 12 12 12 12 12 12 12 12 12 12
12 12 12 12 12 12 12 12 12 12 12 12 12 12 12 12
12 12 12 12 12 12 12 12 12 12 12 12 12 12 12 12
12 12 12 12 12 12 12 12 12 12 12 12 12 12 12 12
14 14 14 14 14 14 14 14 14 14 14 14 14 14 14 15

SymLen 3
 5  4  4  5  3  5  5  6  5  6  8  8  9 11  8 15
 9 12 14 16 16 16 16 16 16 16 16 14 14 14 14 14
14  5  4  5  6  6  6  9  6  8  9 14 10 13 15 14
14 14 16 16 16 16 16 16 16 16 16 16 16 16 16 16
16  6  6  8  6  9  7  8 12 14 12 13 16 16 16 16
16 16 16 16 16 16 16 16 16 16 16 16 16 16 16 16
16  5  5  9  8  7 11 13 10 12 13 15 16 16 16 16
16 11 11 11 11 11 11 11 11 11 11 11 11 11 11 11
11  6  6  9  9 11  7 15 12 14 14 15 11 11 11 11
11 11 11 11 11 11 11 11 11 11 11 11 11 11 11 11
11  8  8 10 10 12 14 10 15 15 11 11 11 11 11 11
11 11 11 11 11 11 11 11 11 11 11 11 11 11 11 11
11  5  5 11  8  8 11 14 15 14 16 15 11 11 11 11
16 16 16 16 16 16 16 16 16 16 16 16 16 16 16 16
16 16 16 16 16 16 16  8  6  8  8  8  9  9  9 10
 8  9 13  9 11 14 13 14 16 16 16 16 16 16 16 16



SymLen 0
 3  5  5  6  5  3  5  3  5  5  5  6  3  4  4  5
 6  7  8 10  6 12 14 15 16 16 16 16 16 16 16 16
16 16 16 16 16 16 16 16 16 16 16 16 16 16 16 16
16 16 16 16 16 16 16 16 16 16 16 16 16 16 15 15
15 15 15 15 15 15 15 15 15 15 15 15 15 15 15 15
15 15 15 15 15 15 15 15 15 15 15 15 15 15 15 15
15 15 15 15 15 15 15 15 15 15 15 15 15 15 15 15
15 15 15 15 15 15 15 15 15 15 15 15 15 15 12 12
12 12 12 12 12 12 12 12 12 12 12 12 12 12 12 12
12 12 12 12 12 12 12 12 12 12 12 12 12 12 12 12
12 12 12 12 12 12 12 12 12 12 12 12 12 12 12 12
12 12 12 12 12 12 12 12 12 12 12 12 12 12 11 11
11 11 11 11 11 11 11 11 11 11 11 11 11 11 11 11
11 11 11 11 11 11 11 11 11 11 11 11 11 11 11 11
11 11 11 11 11 11 11 11 11 11 11 11 11 11 11 11
11 11 11 11 11 11 11 11 11 11 11 11 11 11 15 16

SymLen 1
 5  5  5  6  4  4  6  6  6  7  6  8  9 10 10  7
 8 15 10 12 14 13 15 15 14 14 14 14 15 15 14 14
 8  4  4  7  6  7  6  6  9 11 10 12  8 15 10 11
14  8  8  8  8  8  8  8 16 16 16 16 16 16 16 16
 9  5  5  8  7  9  9 10 11 13 12 10 11 10 14  9
 9  9  9  9  9  9  9  9  9  9  9  9  9  9 16 16
16  7  7  8  9 10 10 10 13 10 11 12 16 16 16 16
16 16 16 16 16 16 16 16 16 16 16 16 16 16 16 16
16  8  8  9 10  9 13 12  9 11 10 16 16 16 16 16
16 16 16 16 16 16 16 16 16 16 16 16 16 16 16 16
16  7  8 10  9  8 12  9 11 12 16 16 16 16 16 16
16 16 16 16 16 16 16 16 16 16 16 16  8  8  8  8
 8  9  9 12 10 12 12 13 12  8  8  8 15 15 16 16
 7  7  7  7  7  7  7  7  7  7  7  7  7  7  7  7
 7  7  7  7 12 12 13  8  7  7  9  8  9 10  7  5
10 13 12 14 12  9 15 11 14 13 12 12 12 12 14 15

SymLen 2
 2  4  4  4  3  4  4  5  4  4  4  6  5  6  7  7
 8 10 10 13 13 13 14 14 14 14 14 14 14 14 14 14
14 14 14 14 14 14 14 14 14 14 14 14 14 14 14 14
14 14 14 14 14 14 14 14 14 14 14 14 14 14 14 14
14 14 14 14 14 14 14 14 14 14 14 14 14 14 14 14
14 14 14 14 14 14 14 14 14 14 14 14 14 14 14 14
14 14 14 14 14 14 14 14 14 14 14 14 14 14 14 14
14 14 14 14 14 14 14 14 15 15 15 15 15 15 15 15
15 15 15 15 15 15 15 15 15 15 15 15 15 15 15 15
15 15 15 15 15 15 15 15 15 15 15 15 15 15 15 15
15 15 15 15 15 15 15 15 15 15 15 15 15 15 15 15
15 15 15 15 15 15 15 15 16 16 16 16 16 16 16 16
16 16 16 16 16 16 16 16 16 16 16 16 16 16 16 16
16 16 16 16 16 16 16 16 16 16 16 16 16 16 16 16
16 16 16 16 16 16 16 16 16 16 16 16 16 16 16 16
16 16 16 16 16 16 16 16 14 14 14 14 14 14 14 15

SymLen 3
 3  5  5  5  5  5  5  4  7  8  7 11 11  7  9 16
16 16 15 13 15 15 15 15 15 15 15 15  9  9  9  9
 9  5  5  7  6  7  8  5  9 12 11 14 12  4 15  9
 9  9  9  9  9  9  9  9  9  9  9  9  9  9  9  9
 9  6  6  9  6  9 10 12 11 10 10 13 16 16 14  9
 9  9  9  9  9  9  9  9  8  8  8  8  8  8  8  8
 8  7  7  9  9  8 12 12 15 11 13  8  8  8  8  8
 8  8  8  8  8  8  8  8  8  8  8  8  8  8  8  8
 8  8  8 11 10 12 13 15 14 13 16  8  9  9  9  9
 9  9  9  9  9  9  9  9  9  9  9  9  9  9  9  9
 9  8  8 11 11 11 14 10 14 16  9  9  9  9  9  9
 9  9  9  9  9 14 14 14 14 14 14 14 14 16 16 16
16  9  9 13  6 14 13 14 16 14 16 16 16 16 15 15
15 15 15 15 15 15 15 15 15 15 15 15 15 15 15 15
15 15 15 15 15 15 15  8  7  8  9  9  9 10 10 11
11 12 13  8 16 15 15 15 16 15 15 15 15 15 15 16

