      0       0       0       0       0       0       0       0 
      0       0       0       0       0       0       0       0 
      0       0       0       0       0       0       0       0 
      0       0       0       0       0       0       0       0 
      0       0       0       0       0       0       0       0 
      0       0       0       0       0       0       0       0 
      0       0       0       0       0       0       0       0 
      0       0       0       0       0       0       0       0 
      0       0       0       0       0       0       0       0 
      0       0       0       0       0       0       0       0 
      0       0       0       0       0       0       0       0 
      0       0       0       0       0       0       0       0 
      0       0       0       0       0       0       0       0 
      0       0       0       0       0       0       0       0 
      0       0       0       0       0       0       0       0 
      0       0       0       0       0       0       0       0 
      0       0       0       0       0       0       0       0 
      0       0       0       0       0       0       0       0 
      0       0       0       0       0       0       0       0 
      0       0       0       0       0       0       0       0 
      0       0       0       0       0       0       0       0 
      0       0       0       0       0       0       0       0 
      0       0       0       0       0       0       0       0 
      0       0       0       0       0       0       0       0 
      0       0       0       0       0       0       0       0 
      0       0       0       0       0       0       0       0 
      0       0       0       0       0       0       0       0 
      0       0       0       0       0       0       0       0 
      0       0       0       0       0       0       0       0 
      0       0       0       0       0       0       0       0 
      0       0       0       0       0       0       0       0 
      0       0       0       0       0       0       0       0 
      0       0       0       0       0       0       0       0 
      0       0       0       0       0       0       0       0 
      0       0       0       0       0       0       0       0 
      0       0       0       0       0       0       0       0 
      0       0       0       0       0       0       0       0 
      0       0       0       0       0       0       0       0 
      0       0       0       0       0       0       0       0 
      0       0       0       0       0       0       0       0 
      0       0       0       0       0       0       0       0 
      0       0       0       0       0       0       0       0 
      0       0       0       0       0       0       0       0 
      0       0       0       0       0       0       0       0 
      0       0       0       0       0       0       0       0 
      0       0       0       0       0       0       0       0 
      0       0       0       0       0       0       0       0 
      0       0       0       0       0       0       0       0 
      0       0       0       0       0       0       0       0 
      0       0       0       0       0       0       0       0 
      0       0       0       0       0       0       0       0 
      0       0       0       0       0       0       0       0 
      0       0       0       0       0       0       0       0 
      0       0       0       0       0       0       0       0 
      0       0       0       0       0       0       0       0 
      0       0       0       0       0       0       0       0 
      0       0       0       0       0       0       0       0 
      0       0       0       0       0       0       0       0 
      0       0       0       0       0       0       0       0 
      0       0       0       0       0       0       0       0 
      0       0       0       0       0       0       0       0 
      0       0       0       0       0       0       0       0 
      0       0       0       0       0       0       0       0 
      0       0       0       0       0       0       0       0 
      0       0       0       0       0       0       0       0 
      0       0       0       0       0       0       0       0 
      0       0       0       0       0       0       0       0 
      0       0       0       0       0       0       0       0 
      0       0       0       0       0       0       0       0 
      0       0       0       0       0       0       0       0 
      0       0       0       0       0       0       0       0 
      0       0       0       0       0       0       0       0 
      0       0       0       0       0       0       0       0 
      0       0       0       0       0       0       0       0 
      0       0       0       0       0       0       0       0 
      0       0       0       0       0       0       0       0 
      0       0       0       0       0       0       0       0 
      0       0       0       0       0       0       0       0 
      0       0       0       0       0       0       0       0 
      0       0       0       0       0       0       0       0 
      0       0       0       0       0       0       0       0 
      0       0       0       0       0       0       0       0 
      0       0       0       0       0       0       0       0 
      0       0       0       0       0       0       0       0 
      0       0       0       0       0       0       0       0 
      0       0       0       0       0       0       0       0 
      0       0       0       0       0       0       0       0 
      0       0       0       0       0       0       0       0 
      0       0       0       0       0       0       0       0 
      0       0       0       0       0       0       0       0 
      0       0       0       0       0       0       0       0 
      0       0       0       0       0       0       0       0 
      0       0       0       0       0       0       0       0 
      0       0       0       0       0       0       0       0 
      0       0       0       0       0       0       0       0 
      0       0       0       0       0       0       0       0 
      0       0       0       0       0       0       0       0 
      0       0       0       0       0       0       0       0 
      0       0       0       0       0       0       0       0 
      0       0       0       0       0       0       0       0 
      0       0       0       0       0       0       0       0 
      0       0       0       0       0       0       0       0 
      0       0       0       0       0       0       0       0 
      0       0       0       0       0       0       0       0 
      0       0       0       0       0       0       0       0 
      0       1       1       0       0      25      14      48 
     27      43      97    1001     477    2585    6155    5115 
  11394  217757   76866   62367   67574   69182   33452    6650 
   6740   23098   30344   19255   17151   13817    8987    7500 
   7674   10510    9477    9155    8112    6987    6422    6120 
   4732    4377    4445    4963    3322    2359    2123    2005 
   1836    1697    1468    1261    1818    1909    1826    1858 
   1206    1173     849     719     616    1431     513     499 
    461     487     433     353     321     383     340     247 
    221     195     191     179     158     148     126     138 
    107     109      87      94      90      83      83      68 
     61      72      57      55      74      42      54      50 
     40      50      46      41      55      39      34      40 
     25      26      18      26      15      24      31      20 
     25      25      21      27      17      35      27      22 
     27      86      61      67      43      43      32      67 
     78     142    3603   75809   60469   62471  170588  931011 
 506751  380757   91644   34850   38306   60482   46811   87101 
  67506   61064   39516   33780   23603   24570   37607   44448 
  48410   43590   34491   25873   22490   26871   32553   23805 
  18554   15222   17905   18418   13211   11468   10571    7790 
   8117    5990    5766    5473    5778    5356    5736    4984 
   3957    8529    2781    2741    2701    2737    2563    2063 
   3120    4836    1424    1257    1113    1005     859     847 
    768     793     733     608     574     529     455     460 
    406     380     348     340     340     314     264     277 
    276     247     299     239     241     225     233     191 
    219     196     184     148     152     118     141     151 
    150     137     114     141     116     125     101     102 
     85     111     100      91      93      88     102      90 
     98      91      61      81      88      77      79      65 
     66      92      80      63      53      69      72      54 
     67      47      51      52      44      52      47      39 
     48      62      42      39      29      48      67      78 
     57      55      63      56      50      57      63     104 
     98      89     120      99      98     109     174     218 
    194     196     199     173     190     156     155     134 
    139     150     149     120     117     128     127     144 
    112      96      93     117     125     142     127     125 
    129     128     167     140     133     175     148     121 
    146     150     206     178     178     167     156     218 
    306     362     299     288     295     253     238     183 
    184     175     163     170     161     149     151     144 
    148     115     156     117     121     127     143     109 
    126     128     107     107     111      89      77     100 
    102     111      94      96      94      88      93     107 
    100      76      77      69      80      75      68      58 
     56      67      46      60      61      68      52      44 
     52      46      41      42      48      44      46      32 
     46      43      33      32      36      36      30      30 
     27      32      33      28      29      21      34      23 
     30      22      22      23      17      28      22      21 
     25      21      19      16      21      26      21      22 
     24      18      20      18      24      19      19      21 
     25      16      16      13      21      24      12      17 
     22      25      20      15      12      20      24      15 
     17      20      22      18      14      13      13      18 
     11      11      14      14      13      15      20      18 
      9      18      13      12      17      11       9      14 
     12      20      10      10      15      11       9      11 
     10      14      10      12      15      11      12       8 
      8      14      21       9       9      14       5      11 
      7       8      12       7       8      11      16       9 
      9       9      10       7      17       7       8       8 
     13       9      10       6       9       8      13       8 
     10       6      12      11      11      11      12       9 
      9       4       4       9       9      10      10       3 
      9       6       5       6      13       9       7       8 
      9       7      11       7       7       6       7      12 
      6       4       7       3       5       7       3       5 
     14       8       5       4      11       5       8       9 
      2       2       7       2       3       2       5       5 
      1       5      12       3       4      10       1       5 
      6       5       7       2       3       6       3       6 
      3       4       3       5       4       4       7       5 
      1       4       8       4       5       3       3       4 
      4       6       1       0       1       5       3       1 
      2       7       2       5       3       6       2       4 
      5       5       5       3       4       5       2       1 
      5       1       2       4       1       2       5       2 
      7       1       1       3       3       9       4       6 
      3       1       3       1       1       7       0       2 
      6       2       2       3       7       3       1       3 
      0       3       4       2       4       3       2       5 
      2       2       2       4       5       2       4       3 
      4       7       2       3       3       7       2       6 
      3       3       7       1       6       2       3       2 
      2       4       3       4       2       1       4       4 
      0       4       4       4       7       2       4       0 
      4       4       3       2       2       2       6       4 
      1       4       1       5       1       2       0       1 
      1       3       2       2       5       4       5       3 
      1       1       1       6       2       5       5       6 
      2       7       4       3       3       3       7       4 
      4       3       5       4       2       3       4       4 
      4       5       6       4       1       1       2       5 
      2       4       2       5       3       7       2       2 
      3       1       3       3       4       7       1       3 
      6       2       4       5       1       5       2       2 
      1       6       4       7       2       3       1       9 
      3       6       4       1       0       4       5       2 
      1       4       2       3       5       3       0       2 
      4       5       4       2       1       7       3       5 
      3       5       2       4       1       3       5       1 
      4       3      10       2       2       1       5       1 
      4       2       3       3       4       5       1       3 
      2       3       2       2       2       2       8       4 
      3       3       2       0       0       3       2       4 
      3       6       5       2       5       3       7       2 
      3       1       6       3       0       1       1       3 
      0       2       4       2       6       1       2       2 
      1       4       2       2       3       2       2       4 
      1       6       4       2       1       5       4       4 
      4       3       2       3       3       1       2       2 
      3       2       1       1       0       2       0       4 
      3       2       4       2       3       1       4       2 
      4       4       1       0       2       3       2       3 
      2       3       3       4       4       6       2       5 
      1       1       2       0       2       2       3       6 
      7       2       2       2       4       3       4       3 
      6       4       2       3       4       3       4       3 
      3       0       4       3       7       4       5       5 
      4       2       3       7       3       2       4       3 
      3       7       2       4       3       0       1       2 
      1       0       1       5       4       4       3       3 
      6       4       3       2       3       3       2       2 
      0       2       4       4       2       6       5       0 
      6       3       1       2       1       4       3       2 
      4       3       4       5       6       1       5       5 
      7       3       5       8       7       1       0       1 
      3       6       5       1       5       2       3       4 
      4       3       1       4       3       4       5       1 
      6       3       2       2       2      10       5       0 
      2       2       6       2       2       0       6       5 
      8       2       9       5       6      12      10       4 
      6       6      11       4       5       6       8       6 
      6       7       6       3       5       5       7       7 
      5       9       4      13       8       7       8       5 
     11      10       6       7      11       6       8       5 
      8       5       7       8       7       3       2       7 
      2       2       7       2       7       9       4       6 
      7       8       3       5       6       4      12       3 
      9       8       4      10       6      10       6       0 
      5       2       9      10       8       7       8       6 
      5       5       7      10       4       7       7       7 
      4       8       2       1       5       5       9       5 
      4       3       5       4       6       3       3       8 
      4       9       5      10       4       7       3       7 
      4       2       8      11       5       3       2       6 
      3      10       7       8       6      11       6       4 
      4       6       7       6      10       2       5       2 
      5       5       3       8       5       8       5       3 
      6       5       7       3       5       4       6       7 
      4       5       6       8       6      11       4       7 
      3       8       7       3       2       7       8       5 
      4       8       7       9       3       9       3       7 
      5       5       8      11       3       5       8       5 
      6      10       6       9       5       6       8       5 
      4       5       4       9      13       7       3       4 
      7       3       6       6       5       9       3       7 
      6       1       5       2       3      10       4       5 
      8       3       1       6       5       8       5       4 
      5       4       5       4       6      10       9       8 
      2       8       3       9       2       3       6       6 
      2       3       2       1       4       7       6       5 
      4       5       4       5       6       5       1       9 
      6       6       3       6       6       3       5       6 
      3       5       1       5       1       4       0       2 
      7       4       5       1       5      11       8       5 
      2       2       5       7       3       4       3       5 
      3       1       8       4       5       1       3       0 
      2      10       6       4       6       5       2       6 
      2       3       3       3       3       5       6       4 
      4       6       2       3       3       5       3       8 
      1       4       3       3       2       5       4       5 
      1       2       4       3       2       6       2       3 
      5       7       1       2       5       5       4       1 
      6       3       5       5       3       6       2       4 
      6       4       4       5       1       5       4       3 
      6       3       5       1       2       4       7       3 
      6       3       9       2       1       3       3       2 
      2       3       3       3       1       3       3       2 
      4       3       2       4       1       3       4       1 
      1       2       4       1       2       1       2       6 
      2       3       2       2       4       3       0       4 
      6       3       6       5       2       3       3       5 
      3       1       3       4       3       3       2       4 
      2       3       3       3       1       2       2       2 
      1       5       0       2       0       3       2       3 
      3       4       3       6       3       2       1       1 
      1       1       2       4       2       5       3       3 
      2       6       2       1       2       5       0       3 
      3       4       2       2       2       4       3       1 
      4       2       3       5       4       2       1       4 
      1       3       2       3       1       1       3       4 
      2       1       1       3       4       0       2       3 
      0       1       1       1       3       3       0       3 
      3       3       4       4       2       0       0       2 
      1       5       2       3       1       0       2       1 
      4       2       6       1       0       5       1       2 
      2       2       2       3       1       4       5       3 
      6       2       3       0       3       2       4       3 
      2       1       3       2       0       4       4       3 
      6       0       2       4       2       1       3       1 
      4       3       2       2       2       1       1       0 
      1       5       1       1       2       1       2       2 
      3       1       0       2       5       3       2       1 
      0       3       3       2       2       0       1       2 
      2       1       1       1       1       1       2       2 
      0       3       1       1       2       0       2       4 
      0       1       1       1       1       1       5       2 
      3       4       2       1       3       1       1       5 
      4       3       3       2       1       1       0       1 
      1       2       0       0       2       2       1       1 
      1       4       1       1       3       2       1       1 
      2       0       2       1       3       3       0       1 
      3       1       3       2       2       0       6       0 
      2       1       2       3       2       2       2       1 
      1       3       2       1       1       3       0       1 
      2       3       3       2       0       1       1       1 
      1       3       1       1       1       2       1       0 
      2       1       2       3       4       3       1       3 
      1       2       1       0       0       1       0       1 
      3       1       3       3       0       0       1       1 
      2       1       2       0       4       0       1       4 
      4       0       1       1       2       1       0       1 
      0       0       1       3       2       2       3       2 
      2       2       0       2       3       4       1       0 
      3       0       0       0       2       1       1       3 
      2       1       0       2       0       1       1       2 
      1       2       2       1       1       0       0       1 
      2       1       1       1       2       0       1       1 
      0       3       1       3       0       2       0       0 
      0       1       2       2       3       1       1       3 
      3       2       2       1       2       2       4       3 
      0       1       1       4       1       2       0       3 
      3       1       0       2       1       1       0       1 
      2       3       1       3       0       1       2       1 
      1       1       0       0       1       3       0       1 
      1       2       1       1       0       0       1       1 
      0       0       2       1       0       1       0       0 
      0       1       0       0       0       2       0       0 
      0       1       1       0       2       1       3       1 
      2       0       1       4       2       2       1       2 
      0       1       2       4       1       0       0       3 
      2       3       3       1       3       2       1       1 
      2       2       1       0       1       1       1       1 
      1       0       3       1       2       1       1       0 
      1       1       1       3       3       1       5       1 
      2       1       2       0       0       3       2       1 
      2       0       0       0       2       3       0       1 
      2       1       2       2       4       0       1       1 
      1       0       2       2       1       0       4       0 
      1       0       0       1       0       3       2       1 
      4       2       1       1       0       1       1       0 
      2       0       3       0       2       1       2       1 
      0       0       0       0       2       2       2       1 
      0       1       2       1       5       1       1       1 
      1       2       0       1       1       1       0       1 
      0       0       0       1       1       2       1       0 
      1       0       0       0       1       1       1       3 
      2       2       0       0       2       1       1       0 
      1       3       1       0       1       0       0       0 
      1       1       0       1       0       1       0       0 
      1       1       1       0       1       0       0       0 
      0       0       2       3       0       2       0       0 
      0       1       2       0       0       0       1       0 
      1       3       0       1       0       0       1       1 
      1       1       0       1       0       0       1       1 
      1       1       2       1       3       2       2       1 
      2       0       0       1       2       1       0       1 
      0       0       0       1       1       0       0       1 
      0       0       2       0       1       1       2       0 
      0       1       0       1       1       0       1       0 
      1       0       1       0       0       1       1       0 
      1       0       0       0       1       1       0       1 
      2       0       0       1       0       0       3       1 
      0       2       0       0       0       0       0       0 
      0       0       1       0       0       0       0       2 
      0       0       0       0       1       0       0       2 
      0       0       0       1       0       0       1       1 
      1       2       1       0       2       1       0       0 
      0       0       0       3       0       1       1       0 
      0       1       1       0       0       2       0       1 
      1       3       0       0       2       2       2       0 
      0       0       0       1       1       0       1       0 
      0       0       1       1       0       1       0       0 
      0       0       3       1       1       0       1       0 
      0       1       2       0       1       0       1       0 
      1       0       0       0       0       0       0       1 
      0       0       1       1       1       0       1       1 
      1       1       0       0       0       2       0       0 
      1       0       1       0       1       3       0       0 
      1       0       0       1       0       0       0       0 
      0       0       1       3       1       1       0       0 
      2       1       0       0       2       0       1       2 
      1       0       1       0       1       0       1       1 
      1       0       0       0       1       1       3       0 
      1       1       0       2       1       0       1       0 
      0       0       0       1       1       1       0       3 
      2       0       0       1       1       0       2       1 
      3       0       0       0       0       1       0       0 
      2       1       0       0       2       1       0       1 
      1       0       0       1       0       0       0       0 
      0       1       2       2       0       0       2       0 
      0       0       0       2       1       0       0       0 
      0       0       0       1       2       0       0       0 
      1       1       2       0       0       0       0       0 
      0       0       0       0       0       1       1       0 
      0       1       0       1       0       1       0       2 
      1       2       1       0       0       1       0       0 
      1       0       1       0       1       2       0       1 
      0       1       0       1       0       1       0       1 
      1       0       0       0       0       3       0       1 
      0       2       1       1       0       0       0       0 
      0       0       1       0       0       1       1       0 
      0       0       2       3       0       0       0       0 
      1       0       1       0       2       1       0       2 
      1       1       0       0       0       0       1       2 
      1       0       3       0       0       1       0       2 
      0       0       0       0       0       3       2       0 
      0       0       0       2       0       0       1       1 
      0       0       1       0       2       0       1       2 
      0       0       0       1       1       2       1       0 
      0       0       1       0       0       0       1       0 
      0       0       2       1       0       0       1       1 
      0       1       0       0       1       0       0       0 
      1       2       0       0       0       0       0       0 
      0       0       1       0       0       1       0       0 
      1       0       0       1       0       1       0       0 
      1       0       0       0       0       0       0       0 
      0       1       0       0       0       2       0       1 
      0       1       0       0       0       2       1       0 
      2       0       0       2       0       0       0       0 
      1       0       1       0       0       1       0       2 
      1       0       0       0       0       0       0       2 
      2       1       1       0       0       0       0       0 
      0       0       2       1       0       1       1       0 
      1       1       0       0       0       0       0       1 
      0       2       1       2       3       0       0       0 
      0       2       0       0       0       2       0       2 
      0       0       0       0       0       2       0       0 
      0       0       1       1       0       0       1       0 
      0       0       0       1       0       0       0       1 
      0       0       1       1       1       0       1       0 
      0       0       1       1       1       0       1       1 
      1       0       1       2       0       0       2       0 
      2       0       0       0       2       1       0       0 
      1       0       0       0       0       0       0       1 
      1       1       0       0       0       1       0       1 
      0       0       0       1       0       1       0       1 
      1       0       1       0       1       2       1       0 
      0       1       0       0       0       0       1       1 
      1       0       1       0       1       1       1       0 
      0       0       0       0       1       1       0       1 
      0       0       0       0       0       1       2       1 
      0       1       2       0       0       2       0       0 
      0       1       0       0       1       0       1       1 
      0       1       0       0       1       0       0       1 
      2       1       0       0       0       0       1       0 
      0       0       0       1       0       0       1       0 
      0       1       1       1       0       0       2       0 
      1       0       0       0       1       0       0       0 
      0       0       1       0       1       1       2       1 
      0       0       0       0       0       0       0       1 
      0       0       3       0       0       0       0       0 
      0       0       0       0       0       0       1       0 
      1       0       1       0       0       0       0       0 
      0       1       0       0       0       1       1       1 
      1       0       0       0       0       1       1       0 
      0       1       1       0       0       1       1       0 
      0       0       0       0       0       0       1       0 
      1       0       1       0       0       0       1       0 
      1       0       0       0       0       0       0       0 
      0       0       0       0       0       0       0       0 
      1       0       0       0       0       0       1       0 
      0       0       0       0       1       1       0       2 
      0       0       0       0       0       1       1       0 
      0       1       1       0       0       1       1       0 
      0       0       0       1       0       2       0       0 
      0       0       0       1       0       0       0       0 
      0       0       0       1       0       0       0       0 
      1       0       1       0       0       0       0       0 
      1       0       0       0       0       1       1       0 
      0       0       2       0       0       0       0       1 
      0       0       1       0       1       2       1       0 
      0       0       0       0       0       0       0       1 
      0       0       0       0       0       0       0       0 
      0       0       0       0       3       2       0       0 
      0       0       0       0       0       0       0       2 
      1       2       1       0       0       0       2       0 
      0       1       0       0       0       1       0       1 
      0       0       0       0       0       0       0       0 
      0       0       0       0       1       0       0       1 
      0       0       0       1       1       0       0       0 
      0       0       0       1       0       0       0       1 
      1       0       0       0       0       1       0       0 
      0       0       0       0       0       0       0       2 
      0       0       1       0       0       1       0       0 
      0       0       2       0       0       0       0       1 
      0       1       0       0       1       0       1       0 
      1       0       0       1       0       0       1       0 
      0       1       2       1       0       1       0       0 
      0       0       0       0       0       0       0       0 
      1       0       1       1       0       0       0       2 
      1       0       1       0       0       0       1       0 
      0       1       0       0       0       0    4238     721 
