Ideas for hypothetical "robot font".

Pattern:
Characters are 8x8, and divided into 4 cells.
Each cell encodes 4 bits.

0:
0000 0
0110 6
0110 6
0000 0

1:
0100 4
0100 4
0100 4
0100 4

2:
0000 0
1111 F
0000 0
0000 0

3:
0100 4
1111 F
0100 4
0100 4

4:
0001 1
0010 2
0100 4
1000 8

5:
0101 5
0110 6
0100 4
1100 C

6:
0001 1
1111 F
0100 4
1000 8

7:
0101 5
1111 F
0100 4
1100 C

8:
1000 8
0100 4
0010 2
0001 1

9:
1100 C
0100 4
0110 6
0101 5

10:
1000 4
1111 F
0010 2
0001 1

11:
1100
1111
0110
0101

12:
1001
0110
0110
1001

13:
1101
0110
0110
1101

14:
1001
1111
0110
1001

15:
1101
1011
0110
1101
